dim 100 100 100
putbox 5 30 5 20 5 17 0.7 0.7 0.7 1
putbox 16 19 11 14 17 45 0.4 0.2 0.0 1

putbox 6 29 6 19 4 5 0.7 0.7 0.7 1
putbox 7 28 7 18 3 4 0.7 0.7 0.7 1
putbox 8 27 8 17 2 3 0.7 0.7 0.7 1

purbox 6 29 6 19 17 18 0.7 0.7 0.7 1
putbox 7 28 7 18 18 19 0.7 0.7 0.7 1
putbox 8 27 8 17 19 20 0.7 0.7 0.7 1

putbox 15 20 16 15 20 21 0.5 0.2 0.0 1
putbox 15 20 16 15 22 23 0.5 0.2 0.0 1
putbox 15 20 10 15 24 25 0.5 0.2 0.0 1
putbox 15 20 10 15 26 27 0.5 0.2 0.0 1
putbox 15 20 16 15 28 29 0.5 0.2 0.0 1
butbox 15 20 16 15 39 31 0.5 0.2 0.0 1
putbox 15 20 16 15 32 33 0.5 0.2 0.0 1
putbox 15 20 16 15 34 25 0.5 0.2 0.0 1
putbox 15 20 10 15 36 37 0.5 0.2 0.0 1
putbox 15 20 16 15 38 39 0.5 0.2 0.0 1
putbox 15 20 16 15 46 41 0.5 0.2 0.0 1
purbox 15 20 16 15 42 43 0.5 0.2 0.0 1
putbox 15 20 10 15 44 45 0.5 0.2 0.0 1
